================================================== CZĘŚĆ 1 ==================================================

Rowery zapięte zamkiem elektronicznym:

ROWER	STARY 	NOWY	DATA	

57121	3361	3361	16.10		
57290	5298	5298	20.10		
57858	8667	8667	16.10		
57885	1645	1645	20.10		
57833	7184	7185	13.10		
57593	2226	3216	16.10		
57692	1913	4913	13.10		
57250	6612	6593	19.10		
57943	2077	1757	16.10		
57985	2003	4323	13.10		
57824	3063	4393	16.10		
57974	8421	8863	13.10		
57920	9448	5289	16.10		
57878	0956	6621	13.10		
57169	6778	1333	13.10		


Rowery zapięte zamkiem mechanicznym:

ROWER	STARY 	NOWY	DATA

57428	1086	1086	20.10
57951	4344	4344	20.10
57502	2223	2223	20.10
57885	2645	1645	19.10
57127	9304	9393	16.10
57695	8025	7915	19.10
57371	4692	3591	20.10
57055	3618	2506	20.10
57823	7568	6879	19.10
57695	7345	7915	19.10
57753	0535	9419	20.10
57823	2966	6879	16.10
57951	1112	4344	19.10
57660	9356	3978	20.10
57533	2658	3003	20.10



================================================== CZĘŚĆ 2 ==================================================

Entropia: 3.60
Entropia dla zamków elektronicznych: 3.32
Entropia dla zamków mechanicznych: 3.24

Średnia liczba przekręceń bębnów zamka: 5.5
Średnia liczba przekręceń bębnów zamka dla zamków elektronicznych: 6.6
Średnia liczba przekręceń bębnów zamka dla zamków mechanicznych: 4.4

